PART A1
I check that qr_gs_decomp work on non-square matrices with N>M
A =
   0.6121   0.0599   0.1050   0.2819
   0.3307   0.6215   0.4993   0.7530
   0.0099   0.7073   0.6923   0.1883
   0.9245   0.9468   0.7530   0.4350
   0.0485   0.1489   0.5475   0.0391
   0.2706   0.8158   0.6596   0.3594

A = Q*R=
   0.6121   0.0599   0.1050   0.2819
   0.3307   0.6215   0.4993   0.7530
   0.0099   0.7073   0.6923   0.1883
   0.9245   0.9468   0.7530   0.4350
   0.0485   0.1489   0.5475   0.0391
   0.2706   0.8158   0.6596   0.3594

Qt*Q =
   1.0000e+00   5.5511e-17   4.4409e-16   4.0246e-16
   5.5511e-17   1.0000e+00  -4.0246e-16  -1.1102e-16
   4.4409e-16  -4.0246e-16   1.0000e+00   1.7347e-17
   4.0246e-16  -1.1102e-16   1.7347e-17   1.0000e+00

R =
   1.1893   1.1373   0.9564   0.7776
        0   1.0867   0.9673   0.4092
        0        0   0.4371  -0.0401
        0        0        0   0.4777

This shows that the decomposition works.
PART A2
Solve system of equations Ax=b with A beeing square
x =
  -2.2184
  -0.1349
   2.0643
  -0.9091
   2.6527

b =
   0.4474
   0.5619
   0.1806
   0.3531
   0.2042

Ax =
   0.4474
   0.5619
   0.1806
   0.3531
   0.2042

Which equals b and thus shows that the solution is correct


PART B
AB =
   1.0000e+00   1.5543e-15   4.0246e-16   1.3878e-16            0
   6.6613e-16   1.0000e+00   1.1657e-15   6.8001e-16   4.4409e-16
            0   8.8818e-16   1.0000e+00  -5.5511e-17  -4.4409e-16
   1.1102e-16   8.8818e-16            0   1.0000e+00            0
  -2.7756e-16   4.4409e-16  -9.4369e-16  -9.0206e-16   1.0000e+00

which is the identity, and B must therefore be the inverse of A


PART C
y =
  -2.2184
  -0.1349
   2.0643
  -0.9091
   2.6527

This is the same solution as found in part A
